0.0188679245283018,0.0808625336927223,0.0512129380053908,0.0970350404312668,0.013477088948787,0.0404312668463611,0.1212938005390835,0.1293800539083558,0.0781671159029649,0.0485175202156334,0.0296495956873315,0.0269541778975741,0.0862533692722372,0.0835579514824797,0.0080862533692722,0.0862533692722372,0
0.0142857142857142,0.0476190476190476,0.019047619047619,0.0619047619047619,0.0095238095238095,0.0333333333333333,0.0571428571428571,0.2333333333333333,0.119047619047619,0.019047619047619,0.0904761904761904,0.0142857142857142,0.0952380952380952,0.0952380952380952,0.0523809523809523,0.0380952380952381,0
0.0394088669950738,0.0935960591133004,0.0344827586206896,0.0344827586206896,0.0246305418719211,0.0098522167487684,0.0246305418719211,0.3497536945812808,0.0443349753694581,0.0197044334975369,0.0344827586206896,0.0098522167487684,0.0541871921182266,0.1133004926108374,0.0246305418719211,0.0886699507389162,0
0.0106100795755968,0.0610079575596817,0.039787798408488,0.0689655172413793,0.0053050397877984,0.0106100795755968,0.1326259946949602,0.1883289124668435,0.0875331564986737,0.0344827586206896,0.0503978779840848,0.026525198938992,0.0769230769230769,0.129973474801061,0.0053050397877984,0.0716180371352785,0
0.0125523012552301,0.0669456066945606,0.0209205020920502,0.0585774058577405,0.0125523012552301,0.0251046025104602,0.0627615062761506,0.3305439330543933,0.0836820083682008,0.00836820083682,0.0376569037656903,0.0376569037656903,0.0794979079497908,0.0794979079497908,0.0167364016736401,0.0669456066945606,0
0.0103950103950103,0.0873180873180873,0.0561330561330561,0.054054054054054,0.0249480249480249,0.0311850311850311,0.0623700623700623,0.1725571725571725,0.0914760914760914,0.0374220374220374,0.054054054054054,0.0478170478170478,0.0873180873180873,0.0769230769230769,0.0498960498960499,0.0561330561330561,0
0.0231660231660231,0.0694980694980695,0.0308880308880308,0.0501930501930501,0.0386100386100386,0.0617760617760617,0.054054054054054,0.2277992277992278,0.0501930501930501,0.0386100386100386,0.081081081081081,0.0231660231660231,0.0347490347490347,0.0888030888030888,0.0347490347490347,0.0926640926640926,0
0.0126582278481012,0.1181434599156118,0.0168776371308016,0.0464135021097046,0.0168776371308016,0.0210970464135021,0.0632911392405063,0.2362869198312236,0.0928270042194092,0.0253164556962025,0.0675105485232067,0.0210970464135021,0.0928270042194092,0.0548523206751054,0.0168776371308016,0.0970464135021097,0
0.0068027210884353,0.1700680272108843,0.0272108843537414,0.0204081632653061,0.0068027210884353,0.0068027210884353,0.0204081632653061,0.2176870748299319,0.0204081632653061,0.0204081632653061,0.1632653061224489,0.0204081632653061,0.0408163265306122,0.0952380952380952,0.0272108843537414,0.1360544217687075,0
0.0182926829268292,0.0975609756097561,0.0304878048780487,0.0365853658536585,0.0182926829268292,0.0182926829268292,0.0060975609756097,0.3536585365853658,0.0609756097560975,0.0121951219512195,0.0914634146341463,0.024390243902439,0.0670731707317073,0.0548780487804878,0.0121951219512195,0.0975609756097561,0
0.0222222222222222,0.0666666666666666,0.04,0.0666666666666666,0.0133333333333333,0.0311111111111111,0.1777777777777777,0.1155555555555555,0.1022222222222222,0.0355555555555555,0.0222222222222222,0.0311111111111111,0.1155555555555555,0.0755555555555555,0.0133333333333333,0.0711111111111111,0
0.0248226950354609,0.0780141843971631,0.0248226950354609,0.0390070921985815,0.0141843971631205,0.0106382978723404,0.0638297872340425,0.3226950354609929,0.0638297872340425,0.0354609929078014,0.0425531914893617,0.0141843971631205,0.0744680851063829,0.0921985815602836,0.0070921985815602,0.0921985815602836,0
0.012,0.124,0.016,0.032,0.004,0.004,0.028,0.288,0.068,0.028,0.028,0.008,0.084,0.128,0.016,0.132,0
0.0347551342812006,0.0426540284360189,0.0426540284360189,0.0774091627172195,0.0458135860979462,0.0663507109004739,0.1011058451816745,0.0789889415481832,0.0679304897314376,0.0489731437598736,0.0932069510268562,0.0379146919431279,0.0884676145339652,0.0916271721958925,0.0315955766192733,0.0505529225908372,0
0.0245901639344262,0.1147540983606557,0.0327868852459016,0.0327868852459016,0.0204918032786885,0.0532786885245901,0.0327868852459016,0.1475409836065573,0.0614754098360655,0.0163934426229508,0.0655737704918032,0.0368852459016393,0.0860655737704918,0.1147540983606557,0.0327868852459016,0.1270491803278688,0
0.0161290322580645,0.075268817204301,0.0591397849462365,0.053763440860215,0.0268817204301075,0.1827956989247312,0.053763440860215,0.1774193548387097,0.021505376344086,0.021505376344086,0.0591397849462365,0.043010752688172,0.0806451612903225,0.032258064516129,0.0483870967741935,0.0483870967741935,0
0.0052631578947368,0.1684210526315789,0.0473684210526315,0.0157894736842105,0.0,0.0,0.0684210526315789,0.2,0.0526315789473684,0.0105263157894736,0.0578947368421052,0.0368421052631578,0.0736842105263157,0.0736842105263157,0.0263157894736842,0.1631578947368421,0
0.04,0.1288888888888889,0.0355555555555555,0.08,0.0133333333333333,0.0266666666666666,0.0266666666666666,0.08,0.1022222222222222,0.0533333333333333,0.04,0.0311111111111111,0.1155555555555555,0.08,0.0088888888888888,0.1377777777777777,0
0.0022573363431151,0.1309255079006772,0.0135440180586907,0.0316027088036117,0.0180586907449209,0.0203160270880361,0.0293453724604966,0.2866817155756208,0.0677200902934537,0.0112866817155756,0.1173814898419864,0.0112866817155756,0.0383747178329571,0.0677200902934537,0.0203160270880361,0.1331828442437923,0
0.0183908045977011,0.0459770114942528,0.0206896551724137,0.0436781609195402,0.032183908045977,0.0459770114942528,0.0551724137931034,0.2873563218390804,0.0597701149425287,0.0229885057471264,0.1103448275862069,0.0390804597701149,0.0551724137931034,0.0712643678160919,0.0206896551724137,0.0712643678160919,0
0.0081967213114754,0.1393442622950819,0.0327868852459016,0.0573770491803278,0.0327868852459016,0.0327868852459016,0.0983606557377049,0.1475409836065573,0.0081967213114754,0.0327868852459016,0.1147540983606557,0.0163934426229508,0.0655737704918032,0.0327868852459016,0.040983606557377,0.1393442622950819,0
0.0241935483870967,0.1532258064516129,0.0080645161290322,0.0483870967741935,0.0080645161290322,0.0161290322580645,0.0,0.2419354838709677,0.0564516129032258,0.0241935483870967,0.1451612903225806,0.0241935483870967,0.0967741935483871,0.032258064516129,0.0080645161290322,0.1129032258064516,0
0.0225988700564971,0.0508474576271186,0.0508474576271186,0.0621468926553672,0.0734463276836158,0.03954802259887,0.096045197740113,0.2090395480225988,0.0621468926553672,0.0508474576271186,0.0225988700564971,0.0508474576271186,0.0621468926553672,0.096045197740113,0.0169491525423728,0.0338983050847457,0
0.0305810397553516,0.0581039755351682,0.0703363914373088,0.0795107033639143,0.0458715596330275,0.0275229357798165,0.0397553516819571,0.1620795107033639,0.073394495412844,0.0519877675840978,0.0672782874617737,0.018348623853211,0.0886850152905198,0.1039755351681957,0.0458715596330275,0.036697247706422,0
0.0091743119266055,0.1238532110091743,0.0412844036697247,0.0275229357798165,0.0458715596330275,0.055045871559633,0.0321100917431192,0.1513761467889908,0.0275229357798165,0.0321100917431192,0.0871559633027523,0.0412844036697247,0.0458715596330275,0.091743119266055,0.036697247706422,0.1513761467889908,0
0.032520325203252,0.008130081300813,0.024390243902439,0.08130081300813,0.0,0.0,0.089430894308943,0.3739837398373983,0.1544715447154471,0.008130081300813,0.008130081300813,0.016260162601626,0.1382113821138211,0.056910569105691,0.0,0.008130081300813,0
0.0064935064935064,0.0844155844155844,0.0162337662337662,0.0259740259740259,0.0162337662337662,0.0194805194805194,0.0129870129870129,0.3181818181818182,0.0519480519480519,0.0422077922077922,0.0941558441558441,0.0129870129870129,0.0389610389610389,0.1493506493506493,0.0194805194805194,0.0909090909090909,0
0.0037878787878787,0.0909090909090909,0.034090909090909,0.0643939393939393,0.0,0.0037878787878787,0.0606060606060606,0.1704545454545454,0.1136363636363636,0.0378787878787878,0.053030303030303,0.0378787878787878,0.1022727272727272,0.0909090909090909,0.0113636363636363,0.125,0
0.0416666666666666,0.071078431372549,0.0490196078431372,0.0441176470588235,0.0416666666666666,0.0416666666666666,0.0637254901960784,0.1446078431372549,0.071078431372549,0.0367647058823529,0.0906862745098039,0.0416666666666666,0.0759803921568627,0.0588235294117647,0.0269607843137254,0.1004901960784313,0
0.025,0.12,0.01,0.035,0.01,0.015,0.035,0.175,0.095,0.04,0.05,0.04,0.075,0.1,0.01,0.165,0
0.0617283950617283,0.2098765432098765,0.037037037037037,0.0123456790123456,0.0,0.0,0.0246913580246913,0.1358024691358024,0.0493827160493827,0.037037037037037,0.074074074074074,0.037037037037037,0.0617283950617283,0.037037037037037,0.0123456790123456,0.2098765432098765,0
0.0282485875706214,0.0875706214689265,0.0621468926553672,0.0677966101694915,0.0112994350282485,0.0282485875706214,0.1101694915254237,0.1327683615819209,0.059322033898305,0.03954802259887,0.0564971751412429,0.0564971751412429,0.0621468926553672,0.0677966101694915,0.019774011299435,0.1101694915254237,0
0.0126262626262626,0.0631313131313131,0.0277777777777777,0.0404040404040404,0.0277777777777777,0.0252525252525252,0.0176767676767676,0.3232323232323232,0.053030303030303,0.0328282828282828,0.1212121212121212,0.0227272727272727,0.0505050505050505,0.0858585858585858,0.0252525252525252,0.0707070707070707,0
0.0154525386313465,0.1037527593818984,0.0264900662251655,0.0551876379690949,0.0176600441501103,0.0331125827814569,0.0331125827814569,0.2008830022075055,0.0728476821192053,0.0309050772626931,0.097130242825607,0.0220750551876379,0.0618101545253863,0.119205298013245,0.0220750551876379,0.0883002207505518,0
0.0361010830324909,0.0342960288808664,0.0487364620938628,0.0613718411552346,0.0433212996389891,0.0541516245487364,0.2057761732851985,0.0649819494584837,0.0523465703971119,0.0342960288808664,0.0920577617328519,0.0379061371841155,0.075812274368231,0.0884476534296028,0.0361010830324909,0.0342960288808664,0
0.0197044334975369,0.1379310344827586,0.0394088669950738,0.0246305418719211,0.0541871921182266,0.0492610837438423,0.0246305418719211,0.1182266009852216,0.0541871921182266,0.0591133004926108,0.1280788177339901,0.0295566502463054,0.0591133004926108,0.0492610837438423,0.0197044334975369,0.1330049261083744,0
0.024793388429752,0.0550964187327823,0.0413223140495867,0.0330578512396694,0.0165289256198347,0.0358126721763085,0.046831955922865,0.2424242424242424,0.0606060606060606,0.0440771349862259,0.0798898071625344,0.0413223140495867,0.0606060606060606,0.140495867768595,0.0165289256198347,0.0606060606060606,0
0.0231788079470198,0.1092715231788079,0.009933774834437,0.043046357615894,0.0198675496688741,0.0198675496688741,0.0298013245033112,0.2052980132450331,0.0562913907284768,0.0529801324503311,0.1258278145695364,0.0198675496688741,0.0629139072847682,0.1125827814569536,0.0165562913907284,0.0927152317880794,0
0.0357142857142857,0.05,0.025,0.0464285714285714,0.0357142857142857,0.0678571428571428,0.0714285714285714,0.2285714285714285,0.0678571428571428,0.05,0.0392857142857142,0.025,0.0714285714285714,0.0892857142857142,0.0428571428571428,0.0535714285714285,0
0.0172413793103448,0.1666666666666666,0.0229885057471264,0.0459770114942528,0.0172413793103448,0.0,0.0747126436781609,0.0862068965517241,0.0747126436781609,0.0057471264367816,0.1034482758620689,0.0114942528735632,0.057471264367816,0.0517241379310344,0.0172413793103448,0.2471264367816092,0
0.0280172413793103,0.0862068965517241,0.0668103448275862,0.0797413793103448,0.0150862068965517,0.0107758620689655,0.0797413793103448,0.1831896551724137,0.0366379310344827,0.0474137931034482,0.0689655172413793,0.0237068965517241,0.0646551724137931,0.1185344827586206,0.0107758620689655,0.0797413793103448,0
0.0288065843621399,0.0864197530864197,0.0534979423868312,0.0493827160493827,0.0493827160493827,0.0452674897119341,0.0164609053497942,0.1522633744855967,0.074074074074074,0.0329218106995884,0.0823045267489712,0.0452674897119341,0.0823045267489712,0.0658436213991769,0.0452674897119341,0.0905349794238683,0
0.0106382978723404,0.0992907801418439,0.0319148936170212,0.0283687943262411,0.0141843971631205,0.0212765957446808,0.0283687943262411,0.351063829787234,0.0531914893617021,0.0212765957446808,0.0815602836879432,0.0212765957446808,0.0602836879432624,0.0673758865248227,0.0177304964539007,0.0921985815602836,0
0.0149253731343283,0.0870646766169154,0.017412935323383,0.0373134328358208,0.0472636815920398,0.0621890547263681,0.0696517412935323,0.1442786069651741,0.0671641791044776,0.044776119402985,0.0696517412935323,0.0298507462686567,0.0696517412935323,0.1044776119402985,0.0398009950248756,0.0945273631840796,0
0.0279720279720279,0.0209790209790209,0.0279720279720279,0.0559440559440559,0.0,0.0209790209790209,0.1468531468531468,0.2867132867132867,0.1118881118881118,0.0419580419580419,0.0,0.0559440559440559,0.1118881118881118,0.0629370629370629,0.0069930069930069,0.0209790209790209,0
0.0299727520435967,0.1144414168937329,0.0326975476839237,0.0326975476839237,0.0354223433242506,0.0544959128065395,0.0272479564032697,0.1880108991825613,0.0408719346049046,0.0190735694822888,0.106267029972752,0.0354223433242506,0.0463215258855585,0.0790190735694822,0.0381471389645776,0.1198910081743869,0
0.0448979591836734,0.0285714285714285,0.046938775510204,0.0714285714285714,0.0285714285714285,0.0959183673469387,0.1142857142857142,0.1408163265306122,0.0428571428571428,0.036734693877551,0.0612244897959183,0.0591836734693877,0.0612244897959183,0.0857142857142857,0.036734693877551,0.0448979591836734,0
0.0,0.0236220472440944,0.0629921259842519,0.0236220472440944,0.0314960629921259,0.0472440944881889,0.0472440944881889,0.2519685039370078,0.0708661417322834,0.0157480314960629,0.0629921259842519,0.0393700787401574,0.0787401574803149,0.1496062992125984,0.0472440944881889,0.0472440944881889,0
0.0129310344827586,0.1206896551724138,0.0129310344827586,0.0258620689655172,0.0086206896551724,0.043103448275862,0.0474137931034482,0.2413793103448276,0.0517241379310344,0.0172413793103448,0.1336206896551724,0.0129310344827586,0.0474137931034482,0.0775862068965517,0.0172413793103448,0.1293103448275862,0
0.0,0.064,0.024,0.04,0.0,0.016,0.072,0.256,0.136,0.04,0.056,0.024,0.088,0.072,0.008,0.104,0
0.0565371024734982,0.0989399293286219,0.0353356890459364,0.0530035335689045,0.0176678445229682,0.0247349823321554,0.0812720848056537,0.0848056537102473,0.0636042402826855,0.0353356890459364,0.0883392226148409,0.0212014134275618,0.0989399293286219,0.0600706713780918,0.0282685512367491,0.1519434628975265,0
0.0115273775216138,0.132564841498559,0.0201729106628242,0.0432276657060518,0.0172910662824207,0.0201729106628242,0.031700288184438,0.2536023054755043,0.0432276657060518,0.0172910662824207,0.132564841498559,0.031700288184438,0.0547550432276657,0.1037463976945245,0.0086455331412103,0.0778097982708933,0
0.0707070707070707,0.0606060606060606,0.0555555555555555,0.0757575757575757,0.0252525252525252,0.0555555555555555,0.0505050505050505,0.1262626262626262,0.0757575757575757,0.0151515151515151,0.0606060606060606,0.0303030303030303,0.0909090909090909,0.0858585858585858,0.0404040404040404,0.0808080808080808,0
0.0422535211267605,0.0492957746478873,0.0316901408450704,0.0845070422535211,0.0387323943661971,0.0809859154929577,0.0316901408450704,0.1091549295774647,0.0845070422535211,0.0422535211267605,0.1161971830985915,0.028169014084507,0.0809859154929577,0.1091549295774647,0.0387323943661971,0.0316901408450704,0
0.05078125,0.08203125,0.04296875,0.06640625,0.015625,0.0234375,0.0390625,0.21484375,0.0859375,0.03125,0.05078125,0.0234375,0.06640625,0.0703125,0.015625,0.12109375,0
0.0528169014084507,0.0422535211267605,0.0457746478873239,0.0528169014084507,0.056338028169014,0.0316901408450704,0.0528169014084507,0.1795774647887324,0.0985915492957746,0.0352112676056338,0.0633802816901408,0.0316901408450704,0.0880281690140845,0.0950704225352112,0.028169014084507,0.0457746478873239,0
0.0177514792899408,0.0562130177514792,0.0325443786982248,0.044378698224852,0.0207100591715976,0.029585798816568,0.0384615384615384,0.1893491124260355,0.059171597633136,0.044378698224852,0.136094674556213,0.0355029585798816,0.0739644970414201,0.136094674556213,0.0325443786982248,0.0532544378698224,0
0.0258064516129032,0.0967741935483871,0.0258064516129032,0.0387096774193548,0.0387096774193548,0.0451612903225806,0.0451612903225806,0.232258064516129,0.0451612903225806,0.0451612903225806,0.0967741935483871,0.0451612903225806,0.064516129032258,0.0516129032258064,0.0129032258064516,0.0903225806451612,0
0.0204918032786885,0.1188524590163934,0.0122950819672131,0.0491803278688524,0.040983606557377,0.0368852459016393,0.0737704918032786,0.1352459016393442,0.0614754098360655,0.0450819672131147,0.1065573770491803,0.040983606557377,0.0696721311475409,0.081967213114754,0.0081967213114754,0.0983606557377049,0
0.0061349693251533,0.0306748466257668,0.0337423312883435,0.0644171779141104,0.0797546012269938,0.0460122699386503,0.2116564417177914,0.0981595092024539,0.0644171779141104,0.0460122699386503,0.0245398773006134,0.0490797546012269,0.0889570552147239,0.0490797546012269,0.0828220858895705,0.0245398773006134,0
0.0139372822299651,0.0905923344947735,0.0174216027874564,0.0522648083623693,0.0069686411149825,0.0209059233449477,0.0348432055749128,0.3066202090592334,0.0766550522648083,0.024390243902439,0.0627177700348432,0.0209059233449477,0.0801393728222996,0.0627177700348432,0.024390243902439,0.1045296167247386,0
0.0410094637223974,0.0883280757097791,0.0410094637223974,0.0220820189274447,0.0252365930599369,0.0378548895899053,0.0347003154574132,0.2712933753943217,0.0536277602523659,0.0441640378548895,0.0473186119873817,0.0347003154574132,0.056782334384858,0.0725552050473186,0.0157728706624605,0.113564668769716,0
0.0257510729613733,0.0901287553648068,0.03862660944206,0.0429184549356223,0.0257510729613733,0.0429184549356223,0.0343347639484978,0.2103004291845493,0.0815450643776824,0.0429184549356223,0.0429184549356223,0.0300429184549356,0.0944206008583691,0.0643776824034334,0.0128755364806866,0.1201716738197424,0
0.0241691842900302,0.0906344410876132,0.0302114803625377,0.0634441087613293,0.0241691842900302,0.0634441087613293,0.0906344410876132,0.1419939577039275,0.0543806646525679,0.039274924471299,0.0815709969788519,0.0271903323262839,0.0574018126888217,0.0634441087613293,0.0332326283987915,0.1148036253776435,0
0.0095693779904306,0.055023923444976,0.0215311004784689,0.0406698564593301,0.0119617224880382,0.0191387559808612,0.0933014354066985,0.3181818181818182,0.0502392344497607,0.0287081339712918,0.0909090909090909,0.0239234449760765,0.055023923444976,0.0741626794258373,0.0143540669856459,0.0933014354066985,0
0.0261194029850746,0.0559701492537313,0.044776119402985,0.0671641791044776,0.0111940298507462,0.0186567164179104,0.1417910447761194,0.1305970149253731,0.0671641791044776,0.0335820895522388,0.044776119402985,0.0597014925373134,0.0895522388059701,0.1156716417910447,0.0149253731343283,0.0783582089552238,0
0.0041322314049586,0.0165289256198347,0.0289256198347107,0.024793388429752,0.0289256198347107,0.0206611570247933,0.1363636363636363,0.2314049586776859,0.0661157024793388,0.0413223140495867,0.0661157024793388,0.0371900826446281,0.0619834710743801,0.1900826446280991,0.0289256198347107,0.0165289256198347,0
0.0,0.0728476821192053,0.0529801324503311,0.0529801324503311,0.0198675496688741,0.0397350993377483,0.0264900662251655,0.1986754966887417,0.0728476821192053,0.0463576158940397,0.1059602649006622,0.0264900662251655,0.0728476821192053,0.0927152317880794,0.0264900662251655,0.0927152317880794,0
0.0211640211640211,0.0529100529100529,0.0529100529100529,0.0793650793650793,0.0052910052910052,0.0317460317460317,0.1164021164021164,0.1798941798941798,0.074074074074074,0.037037037037037,0.0476190476190476,0.0264550264550264,0.1164021164021164,0.1216931216931216,0.0,0.037037037037037,0
0.0305343511450381,0.0839694656488549,0.0458015267175572,0.049618320610687,0.0305343511450381,0.0343511450381679,0.1335877862595419,0.1755725190839694,0.0572519083969465,0.015267175572519,0.0190839694656488,0.0381679389312977,0.0648854961832061,0.0801526717557251,0.0343511450381679,0.1068702290076335,0
0.077720207253886,0.0621761658031088,0.0233160621761658,0.0958549222797927,0.038860103626943,0.0699481865284974,0.0647668393782383,0.1243523316062176,0.0569948186528497,0.0259067357512953,0.0699481865284974,0.0336787564766839,0.1398963730569948,0.0336787564766839,0.038860103626943,0.044041450777202,0
0.0163934426229508,0.0918032786885245,0.0163934426229508,0.0229508196721311,0.0295081967213114,0.0196721311475409,0.0524590163934426,0.2459016393442623,0.0885245901639344,0.0360655737704918,0.0721311475409836,0.0196721311475409,0.0918032786885245,0.0852459016393442,0.0229508196721311,0.0885245901639344,0
0.0434782608695652,0.117391304347826,0.0260869565217391,0.0434782608695652,0.0304347826086956,0.0478260869565217,0.0391304347826087,0.108695652173913,0.0956521739130434,0.0304347826086956,0.1130434782608695,0.0130434782608695,0.0565217391304347,0.0652173913043478,0.0391304347826087,0.1304347826086956,0
0.0340425531914893,0.1106382978723404,0.0425531914893617,0.0340425531914893,0.0170212765957446,0.025531914893617,0.0468085106382978,0.1234042553191489,0.1234042553191489,0.025531914893617,0.076595744680851,0.0212765957446808,0.1063829787234042,0.076595744680851,0.0085106382978723,0.1276595744680851,0
0.0336842105263157,0.0884210526315789,0.0484210526315789,0.0568421052631578,0.0252631578947368,0.0273684210526315,0.1326315789473684,0.1010526315789473,0.0421052631578947,0.0421052631578947,0.0926315789473684,0.0442105263157894,0.0526315789473684,0.1094736842105263,0.0168421052631578,0.0863157894736842,0
0.0290697674418604,0.0755813953488372,0.0290697674418604,0.0348837209302325,0.0290697674418604,0.005813953488372,0.063953488372093,0.2441860465116279,0.0755813953488372,0.0348837209302325,0.063953488372093,0.0406976744186046,0.0755813953488372,0.1220930232558139,0.0116279069767441,0.063953488372093,0
0.0377358490566037,0.0613207547169811,0.0377358490566037,0.0377358490566037,0.0188679245283018,0.0235849056603773,0.0283018867924528,0.2358490566037736,0.0660377358490566,0.0283018867924528,0.160377358490566,0.0141509433962264,0.0754716981132075,0.0754716981132075,0.0188679245283018,0.080188679245283,0
0.0251572327044025,0.0566037735849056,0.0283018867924528,0.0471698113207547,0.0125786163522012,0.0283018867924528,0.0786163522012578,0.320754716981132,0.0566037735849056,0.0283018867924528,0.0377358490566037,0.0660377358490566,0.0691823899371069,0.0723270440251572,0.0220125786163522,0.050314465408805,0
0.0172413793103448,0.0560344827586206,0.0301724137931034,0.0646551724137931,0.0172413793103448,0.0172413793103448,0.0948275862068965,0.2543103448275862,0.0517241379310344,0.0258620689655172,0.1077586206896551,0.0086206896551724,0.0603448275862069,0.1077586206896551,0.0387931034482758,0.0474137931034482,0
0.0068259385665529,0.1126279863481228,0.0136518771331058,0.0341296928327645,0.0068259385665529,0.0170648464163822,0.0102389078498293,0.4266211604095563,0.0409556313993174,0.0102389078498293,0.0238907849829351,0.030716723549488,0.0546075085324232,0.0955631399317406,0.0068259385665529,0.1092150170648464,0
0.0033898305084745,0.1322033898305084,0.0203389830508474,0.0169491525423728,0.0203389830508474,0.0101694915254237,0.023728813559322,0.311864406779661,0.0644067796610169,0.0169491525423728,0.0508474576271186,0.0271186440677966,0.0576271186440678,0.0677966101694915,0.0135593220338983,0.1627118644067796,0
0.0283687943262411,0.0567375886524822,0.0390070921985815,0.0531914893617021,0.0177304964539007,0.0106382978723404,0.0673758865248227,0.2730496453900709,0.0673758865248227,0.0354609929078014,0.0921985815602836,0.0319148936170212,0.0744680851063829,0.0744680851063829,0.0248226950354609,0.0531914893617021,0
0.0416666666666666,0.0364583333333333,0.0416666666666666,0.0677083333333333,0.0260416666666666,0.0052083333333333,0.109375,0.328125,0.078125,0.0104166666666666,0.0260416666666666,0.0104166666666666,0.09375,0.0729166666666666,0.0208333333333333,0.03125,0
0.0387096774193548,0.1096774193548387,0.0258064516129032,0.032258064516129,0.0064516129032258,0.0451612903225806,0.0387096774193548,0.2387096774193548,0.0774193548387096,0.0258064516129032,0.0709677419354838,0.0193548387096774,0.0451612903225806,0.1096774193548387,0.0258064516129032,0.0903225806451612,0
0.0050761421319796,0.0812182741116751,0.015228426395939,0.0304568527918781,0.0228426395939086,0.0177664974619289,0.1015228426395939,0.1928934010152284,0.0710659898477157,0.0228426395939086,0.1852791878172588,0.0101522842639593,0.0710659898477157,0.065989847715736,0.0253807106598984,0.0812182741116751,0
0.0827067669172932,0.1278195488721804,0.037593984962406,0.0601503759398496,0.0075187969924812,0.0150375939849624,0.0676691729323308,0.150375939849624,0.0902255639097744,0.0075187969924812,0.0225563909774436,0.0300751879699248,0.075187969924812,0.0827067669172932,0.0075187969924812,0.1353383458646616,0
0.0,0.0656934306569343,0.0218978102189781,0.0583941605839416,0.072992700729927,0.0510948905109489,0.0364963503649635,0.1678832116788321,0.0656934306569343,0.0072992700729927,0.2043795620437956,0.0218978102189781,0.0583941605839416,0.0364963503649635,0.0437956204379562,0.0875912408759124,0
0.0223214285714285,0.1160714285714285,0.0044642857142857,0.0535714285714285,0.0133928571428571,0.0401785714285714,0.03125,0.2589285714285714,0.0580357142857142,0.0401785714285714,0.0401785714285714,0.0267857142857142,0.0758928571428571,0.0491071428571428,0.0178571428571428,0.1517857142857142,0
0.0126582278481012,0.0928270042194092,0.0632911392405063,0.0295358649789029,0.0337552742616033,0.0717299578059071,0.0675105485232067,0.1856540084388185,0.0337552742616033,0.0126582278481012,0.1139240506329113,0.0253164556962025,0.0295358649789029,0.0548523206751054,0.0337552742616033,0.1392405063291139,0
0.010752688172043,0.1182795698924731,0.021505376344086,0.021505376344086,0.0,0.0,0.0,0.2795698924731182,0.075268817204301,0.021505376344086,0.075268817204301,0.043010752688172,0.053763440860215,0.0967741935483871,0.0,0.1827956989247312,0
0.0,0.0950226244343891,0.0407239819004524,0.0452488687782805,0.0226244343891402,0.0090497737556561,0.0452488687782805,0.2760180995475113,0.0723981900452488,0.0226244343891402,0.0226244343891402,0.0226244343891402,0.085972850678733,0.1266968325791855,0.0135746606334841,0.0995475113122171,0
0.0235294117647058,0.0764705882352941,0.0352941176470588,0.0941176470588235,0.0147058823529411,0.0852941176470588,0.0794117647058823,0.0941176470588235,0.0529411764705882,0.0617647058823529,0.0647058823529411,0.0441176470588235,0.0676470588235294,0.088235294117647,0.0176470588235294,0.1,0
0.0137931034482758,0.093103448275862,0.0275862068965517,0.0275862068965517,0.0344827586206896,0.0379310344827586,0.0379310344827586,0.3310344827586207,0.0379310344827586,0.0379310344827586,0.093103448275862,0.0172413793103448,0.0482758620689655,0.0551724137931034,0.0068965517241379,0.1,0
0.0471380471380471,0.0841750841750841,0.0471380471380471,0.0875420875420875,0.0168350168350168,0.0538720538720538,0.0606060606060606,0.1515151515151515,0.0572390572390572,0.0336700336700336,0.037037037037037,0.0168350168350168,0.0875420875420875,0.074074074074074,0.0471380471380471,0.0976430976430976,0
0.0288065843621399,0.1152263374485596,0.0246913580246913,0.0617283950617283,0.0164609053497942,0.0205761316872428,0.0617283950617283,0.1604938271604938,0.0946502057613168,0.0452674897119341,0.0246913580246913,0.0658436213991769,0.074074074074074,0.1234567901234567,0.0,0.0823045267489712,0
0.0134680134680134,0.1077441077441077,0.0269360269360269,0.037037037037037,0.0235690235690235,0.0471380471380471,0.074074074074074,0.2323232323232323,0.0505050505050505,0.0134680134680134,0.101010101010101,0.0134680134680134,0.0336700336700336,0.0909090909090909,0.0134680134680134,0.1212121212121212,0
0.03125,0.1107954545454545,0.034090909090909,0.034090909090909,0.034090909090909,0.0284090909090909,0.0625,0.1732954545454545,0.0454545454545454,0.03125,0.1051136363636363,0.03125,0.0426136363636363,0.0880681818181818,0.0426136363636363,0.1051136363636363,0
0.0133779264214046,0.0535117056856187,0.0267558528428093,0.0869565217391304,0.0100334448160535,0.020066889632107,0.0969899665551839,0.2374581939799331,0.0769230769230769,0.040133779264214,0.0568561872909698,0.0167224080267558,0.0702341137123745,0.1036789297658862,0.0133779264214046,0.0769230769230769,0
0.0096153846153846,0.0961538461538461,0.0096153846153846,0.0288461538461538,0.0192307692307692,0.0,0.0961538461538461,0.2788461538461538,0.1153846153846153,0.0288461538461538,0.0192307692307692,0.0,0.0961538461538461,0.0576923076923076,0.0096153846153846,0.1346153846153846,0
0.0450819672131147,0.1352459016393442,0.0286885245901639,0.0368852459016393,0.0040983606557377,0.0122950819672131,0.0778688524590164,0.2131147540983606,0.0696721311475409,0.0327868852459016,0.0327868852459016,0.0122950819672131,0.0901639344262295,0.0778688524590164,0.0122950819672131,0.1188524590163934,0
0.0190839694656488,0.1145038167938931,0.015267175572519,0.0305343511450381,0.0305343511450381,0.0076335877862595,0.0381679389312977,0.2824427480916031,0.0572519083969465,0.015267175572519,0.0801526717557251,0.0190839694656488,0.0419847328244274,0.0916030534351145,0.0229007633587786,0.1335877862595419,0
0.0,0.1414141414141414,0.005050505050505,0.0303030303030303,0.0101010101010101,0.0202020202020202,0.0252525252525252,0.3181818181818182,0.0404040404040404,0.0,0.0909090909090909,0.005050505050505,0.0454545454545454,0.0808080808080808,0.005050505050505,0.1818181818181818,0
0.0076335877862595,0.0534351145038167,0.0305343511450381,0.0381679389312977,0.0381679389312977,0.0229007633587786,0.0381679389312977,0.1755725190839694,0.0916030534351145,0.0610687022900763,0.0839694656488549,0.0458015267175572,0.1145038167938931,0.0916030534351145,0.0305343511450381,0.0763358778625954,0
0.013953488372093,0.1255813953488372,0.0232558139534883,0.0465116279069767,0.027906976744186,0.0325581395348837,0.0372093023255813,0.213953488372093,0.0511627906976744,0.027906976744186,0.1209302325581395,0.0186046511627906,0.055813953488372,0.041860465116279,0.027906976744186,0.1348837209302325,0
0.0205761316872428,0.0658436213991769,0.037037037037037,0.0864197530864197,0.0041152263374485,0.037037037037037,0.0576131687242798,0.139917695473251,0.074074074074074,0.0288065843621399,0.0946502057613168,0.0617283950617283,0.0905349794238683,0.0864197530864197,0.0205761316872428,0.0946502057613168,0
0.0213903743315508,0.0962566844919786,0.0267379679144385,0.0160427807486631,0.0160427807486631,0.0,0.0427807486631016,0.2513368983957219,0.0641711229946524,0.0320855614973262,0.0748663101604278,0.0320855614973262,0.0374331550802139,0.1443850267379679,0.0374331550802139,0.106951871657754,0
0.0457516339869281,0.0588235294117647,0.0196078431372549,0.065359477124183,0.0261437908496732,0.0196078431372549,0.0326797385620915,0.2549019607843137,0.0849673202614379,0.0457516339869281,0.0915032679738562,0.0326797385620915,0.0849673202614379,0.0849673202614379,0.0261437908496732,0.0261437908496732,0
0.0,0.1438848920863309,0.0287769784172661,0.0287769784172661,0.014388489208633,0.0,0.0503597122302158,0.302158273381295,0.0287769784172661,0.0215827338129496,0.0287769784172661,0.0503597122302158,0.0503597122302158,0.0287769784172661,0.014388489208633,0.2086330935251798,0
0.0108108108108108,0.0918918918918919,0.0324324324324324,0.0216216216216216,0.0324324324324324,0.0378378378378378,0.0054054054054054,0.2972972972972973,0.0918918918918919,0.027027027027027,0.0702702702702702,0.054054054054054,0.0594594594594594,0.0648648648648648,0.0108108108108108,0.0918918918918919,0
0.0036363636363636,0.0472727272727272,0.0254545454545454,0.0436363636363636,0.0109090909090909,0.029090909090909,0.0763636363636363,0.4254545454545455,0.0654545454545454,0.0181818181818181,0.0254545454545454,0.0181818181818181,0.0545454545454545,0.0727272727272727,0.0327272727272727,0.0509090909090909,0
0.02734375,0.0859375,0.01171875,0.03515625,0.02734375,0.015625,0.01171875,0.29296875,0.05859375,0.02734375,0.08203125,0.04296875,0.0625,0.07421875,0.03515625,0.109375,0
0.004594180704441,0.0382848392036753,0.006125574272588,0.0245022970903522,0.0673813169984686,0.2511485451761102,0.0505359877488514,0.1225114854517611,0.0290964777947932,0.007656967840735,0.1745788667687595,0.009188361408882,0.0260336906584992,0.0826952526799387,0.0704441041347626,0.0352220520673813,0
0.0373831775700934,0.0537383177570093,0.0443925233644859,0.058411214953271,0.0116822429906542,0.0233644859813084,0.2336448598130841,0.1588785046728972,0.0420560747663551,0.0373831775700934,0.0654205607476635,0.0303738317757009,0.0443925233644859,0.0747663551401869,0.014018691588785,0.0700934579439252,0
0.0335051546391752,0.0541237113402061,0.0231958762886597,0.0592783505154639,0.0257731958762886,0.0360824742268041,0.0773195876288659,0.172680412371134,0.0721649484536082,0.0283505154639175,0.0798969072164948,0.0335051546391752,0.1030927835051546,0.1056701030927835,0.0154639175257731,0.0798969072164948,0
0.0294117647058823,0.0823529411764705,0.0176470588235294,0.0235294117647058,0.0235294117647058,0.0058823529411764,0.0235294117647058,0.3588235294117647,0.0235294117647058,0.0352941176470588,0.0588235294117647,0.0235294117647058,0.0352941176470588,0.1352941176470588,0.0294117647058823,0.0941176470588235,0
0.0146341463414634,0.1317073170731707,0.024390243902439,0.0048780487804878,0.048780487804878,0.0341463414634146,0.0292682926829268,0.0829268292682926,0.0682926829268292,0.0146341463414634,0.1902439024390244,0.0292682926829268,0.0439024390243902,0.0829268292682926,0.0439024390243902,0.1560975609756097,0
0.0139860139860139,0.0559440559440559,0.0419580419580419,0.0419580419580419,0.0489510489510489,0.0279720279720279,0.0349650349650349,0.2027972027972027,0.0699300699300699,0.0279720279720279,0.0909090909090909,0.0139860139860139,0.0699300699300699,0.0979020979020979,0.0559440559440559,0.1048951048951049,0
0.0344827586206896,0.093103448275862,0.0482758620689655,0.0517241379310344,0.0241379310344827,0.0448275862068965,0.0793103448275862,0.0862068965517241,0.0793103448275862,0.0517241379310344,0.1068965517241379,0.0413793103448275,0.0551724137931034,0.0827586206896551,0.0413793103448275,0.0793103448275862,0
0.0,0.1218487394957983,0.0168067226890756,0.0294117647058823,0.0042016806722689,0.0294117647058823,0.0042016806722689,0.2815126050420168,0.042016806722689,0.0294117647058823,0.1134453781512605,0.0588235294117647,0.0630252100840336,0.0672268907563025,0.0042016806722689,0.134453781512605,0
0.026615969581749,0.0988593155893536,0.0380228136882129,0.0152091254752851,0.026615969581749,0.0342205323193916,0.0418250950570342,0.1711026615969581,0.1102661596958174,0.0342205323193916,0.155893536121673,0.0380228136882129,0.0760456273764258,0.0418250950570342,0.0190114068441064,0.0722433460076045,0
0.028526148969889,0.0776545166402535,0.045958795562599,0.0602218700475435,0.045958795562599,0.0554675118858954,0.1236133122028526,0.0665610142630744,0.0713153724247226,0.0237717908082408,0.0744849445324881,0.0348652931854199,0.080824088748019,0.0776545166402535,0.045958795562599,0.0871632329635499,0
0.0442176870748299,0.1020408163265306,0.0272108843537414,0.0680272108843537,0.0306122448979591,0.0340136054421768,0.0340136054421768,0.2074829931972789,0.0442176870748299,0.0306122448979591,0.0918367346938775,0.0136054421768707,0.064625850340136,0.1122448979591836,0.0136054421768707,0.0816326530612244,0
0.0334572490706319,0.0892193308550185,0.0483271375464684,0.0483271375464684,0.0223048327137546,0.0334572490706319,0.0669144981412639,0.312267657992565,0.0446096654275092,0.0334572490706319,0.0743494423791821,0.0148698884758364,0.0520446096654275,0.0297397769516728,0.0111524163568773,0.0855018587360594,0
0.0294117647058823,0.0794117647058823,0.0264705882352941,0.0264705882352941,0.0617647058823529,0.0794117647058823,0.05,0.1529411764705882,0.0558823529411764,0.0235294117647058,0.1147058823529411,0.0235294117647058,0.0647058823529411,0.0823529411764705,0.0558823529411764,0.0735294117647058,0
0.0319148936170212,0.0691489361702127,0.0301418439716312,0.0709219858156028,0.0354609929078014,0.0390070921985815,0.1312056737588652,0.0868794326241134,0.0691489361702127,0.0372340425531914,0.0815602836879432,0.0301418439716312,0.0602836879432624,0.1241134751773049,0.0283687943262411,0.0744680851063829,0
0.0358649789029535,0.0717299578059071,0.0548523206751054,0.0717299578059071,0.0168776371308016,0.010548523206751,0.1687763713080168,0.1350210970464135,0.050632911392405,0.0379746835443038,0.0738396624472573,0.0421940928270042,0.0759493670886076,0.0590717299578059,0.0295358649789029,0.0654008438818565,0
0.0232558139534883,0.1162790697674418,0.0387596899224806,0.0387596899224806,0.0155038759689922,0.0,0.0620155038759689,0.2635658914728682,0.0697674418604651,0.0155038759689922,0.0387596899224806,0.0465116279069767,0.0697674418604651,0.0775193798449612,0.0155038759689922,0.1085271317829457,0
0.0120481927710843,0.0883534136546184,0.0341365461847389,0.0281124497991967,0.0461847389558232,0.0763052208835341,0.036144578313253,0.1004016064257028,0.0863453815261044,0.0341365461847389,0.108433734939759,0.0341365461847389,0.0943775100401606,0.0903614457831325,0.0522088353413654,0.0783132530120482,0
0.0467625899280575,0.0827338129496402,0.0107913669064748,0.1007194244604316,0.0,0.0827338129496402,0.0827338129496402,0.2553956834532374,0.0467625899280575,0.0071942446043165,0.014388489208633,0.014388489208633,0.1330935251798561,0.0575539568345323,0.0035971223021582,0.0611510791366906,0
0.0178571428571428,0.1473214285714285,0.0178571428571428,0.0446428571428571,0.0223214285714285,0.0178571428571428,0.125,0.1964285714285714,0.0491071428571428,0.0133928571428571,0.0223214285714285,0.0133928571428571,0.0714285714285714,0.0982142857142857,0.0133928571428571,0.1294642857142857,0
0.0062305295950155,0.0903426791277258,0.0249221183800623,0.0342679127725856,0.0124610591900311,0.0155763239875389,0.02803738317757,0.3800623052959501,0.0311526479750778,0.0218068535825545,0.1059190031152648,0.0218068535825545,0.0373831775700934,0.0903426791277258,0.0155763239875389,0.0841121495327102,0
0.0,0.2068965517241379,0.0,0.0229885057471264,0.0,0.0,0.0,0.3448275862068966,0.1264367816091954,0.0114942528735632,0.0,0.0,0.057471264367816,0.0459770114942528,0.0,0.1839080459770115,0
0.0201342281879194,0.029082774049217,0.0223713646532438,0.0402684563758389,0.0357941834451901,0.0380313199105145,0.0425055928411633,0.4250559284116331,0.0514541387024608,0.0067114093959731,0.087248322147651,0.0156599552572706,0.0604026845637583,0.0648769574944071,0.029082774049217,0.0313199105145413,0
0.0288184438040345,0.0547550432276657,0.0172910662824207,0.0576368876080691,0.0201729106628242,0.0230547550432276,0.063400576368876,0.2420749279538905,0.0576368876080691,0.0259365994236311,0.1239193083573487,0.0403458213256484,0.0806916426512968,0.0979827089337175,0.0144092219020172,0.0518731988472622,0
0.0381861575178997,0.0501193317422434,0.0739856801909307,0.071599045346062,0.0381861575178997,0.071599045346062,0.0930787589498806,0.071599045346062,0.0548926014319809,0.0286396181384248,0.0930787589498806,0.0525059665871121,0.081145584725537,0.0668257756563245,0.0596658711217183,0.0548926014319809,0
0.0249110320284697,0.1103202846975089,0.0249110320284697,0.0355871886120996,0.0355871886120996,0.0676156583629893,0.0071174377224199,0.2135231316725978,0.0498220640569395,0.0355871886120996,0.096085409252669,0.0427046263345195,0.0355871886120996,0.0604982206405693,0.0320284697508896,0.1281138790035587,0
0.0201005025125628,0.050251256281407,0.0351758793969849,0.050251256281407,0.0251256281407035,0.0251256281407035,0.0603015075376884,0.1909547738693467,0.1155778894472361,0.0452261306532663,0.0653266331658291,0.0201005025125628,0.0854271356783919,0.1105527638190954,0.0402010050251256,0.0603015075376884,0
