0.018867924528301886,0.08086253369272237,0.05121293800539083,0.09703504043126684,0.013477088948787063,0.04043126684636118,0.12129380053908356,0.1293800539083558,0.07816711590296496,0.04851752021563342,0.029649595687331536,0.026954177897574125,0.0862533692722372,0.08355795148247978,0.008086253369272238,0.0862533692722372,1
0.014285714285714285,0.047619047619047616,0.01904761904761905,0.06190476190476191,0.009523809523809525,0.03333333333333333,0.05714285714285714,0.23333333333333334,0.11904761904761904,0.01904761904761905,0.09047619047619047,0.014285714285714285,0.09523809523809523,0.09523809523809523,0.05238095238095238,0.0380952380952381,1
0.03940886699507389,0.09359605911330049,0.034482758620689655,0.034482758620689655,0.024630541871921183,0.009852216748768473,0.024630541871921183,0.3497536945812808,0.04433497536945813,0.019704433497536946,0.034482758620689655,0.009852216748768473,0.054187192118226604,0.11330049261083744,0.024630541871921183,0.08866995073891626,1
0.010610079575596816,0.0610079575596817,0.03978779840848806,0.06896551724137931,0.005305039787798408,0.010610079575596816,0.13262599469496023,0.1883289124668435,0.08753315649867374,0.034482758620689655,0.050397877984084884,0.026525198938992044,0.07692307692307693,0.129973474801061,0.005305039787798408,0.07161803713527852,1
0.012552301255230125,0.06694560669456066,0.02092050209205021,0.058577405857740586,0.012552301255230125,0.02510460251046025,0.06276150627615062,0.3305439330543933,0.08368200836820083,0.008368200836820083,0.03765690376569038,0.03765690376569038,0.0794979079497908,0.0794979079497908,0.016736401673640166,0.06694560669456066,1
0.010395010395010396,0.08731808731808732,0.056133056133056136,0.05405405405405406,0.02494802494802495,0.031185031185031187,0.062370062370062374,0.17255717255717257,0.09147609147609148,0.037422037422037424,0.05405405405405406,0.04781704781704782,0.08731808731808732,0.07692307692307693,0.0498960498960499,0.056133056133056136,1
0.023166023166023165,0.0694980694980695,0.03088803088803089,0.05019305019305019,0.03861003861003861,0.06177606177606178,0.05405405405405406,0.2277992277992278,0.05019305019305019,0.03861003861003861,0.08108108108108109,0.023166023166023165,0.03474903474903475,0.0888030888030888,0.03474903474903475,0.09266409266409266,1
0.012658227848101266,0.11814345991561181,0.016877637130801686,0.046413502109704644,0.016877637130801686,0.02109704641350211,0.06329113924050633,0.23628691983122363,0.09282700421940929,0.02531645569620253,0.06751054852320675,0.02109704641350211,0.09282700421940929,0.05485232067510549,0.016877637130801686,0.0970464135021097,1
0.006802721088435374,0.17006802721088435,0.027210884353741496,0.02040816326530612,0.006802721088435374,0.006802721088435374,0.02040816326530612,0.21768707482993196,0.02040816326530612,0.02040816326530612,0.16326530612244897,0.02040816326530612,0.04081632653061224,0.09523809523809523,0.027210884353741496,0.1360544217687075,1
0.018292682926829267,0.0975609756097561,0.03048780487804878,0.036585365853658534,0.018292682926829267,0.018292682926829267,0.006097560975609756,0.35365853658536583,0.06097560975609756,0.012195121951219513,0.09146341463414634,0.024390243902439025,0.06707317073170732,0.054878048780487805,0.012195121951219513,0.0975609756097561,1
0.022222222222222223,0.06666666666666667,0.04,0.06666666666666667,0.013333333333333334,0.03111111111111111,0.17777777777777778,0.11555555555555555,0.10222222222222223,0.035555555555555556,0.022222222222222223,0.03111111111111111,0.11555555555555555,0.07555555555555556,0.013333333333333334,0.07111111111111111,1
0.024822695035460994,0.07801418439716312,0.024822695035460994,0.03900709219858156,0.014184397163120567,0.010638297872340425,0.06382978723404255,0.32269503546099293,0.06382978723404255,0.03546099290780142,0.0425531914893617,0.014184397163120567,0.07446808510638298,0.09219858156028368,0.0070921985815602835,0.09219858156028368,1
0.012,0.124,0.016,0.032,0.004,0.004,0.028,0.288,0.068,0.028,0.028,0.008,0.084,0.128,0.016,0.132,1
0.03475513428120063,0.04265402843601896,0.04265402843601896,0.07740916271721959,0.045813586097946286,0.06635071090047394,0.10110584518167456,0.07898894154818326,0.0679304897314376,0.04897314375987362,0.09320695102685624,0.037914691943127965,0.08846761453396525,0.09162717219589257,0.0315955766192733,0.05055292259083728,1
0.02459016393442623,0.11475409836065574,0.03278688524590164,0.03278688524590164,0.020491803278688523,0.05327868852459016,0.03278688524590164,0.14754098360655737,0.06147540983606557,0.01639344262295082,0.06557377049180328,0.036885245901639344,0.0860655737704918,0.11475409836065574,0.03278688524590164,0.12704918032786885,1
0.016129032258064516,0.07526881720430108,0.05913978494623656,0.053763440860215055,0.026881720430107527,0.1827956989247312,0.053763440860215055,0.1774193548387097,0.021505376344086023,0.021505376344086023,0.05913978494623656,0.043010752688172046,0.08064516129032258,0.03225806451612903,0.04838709677419355,0.04838709677419355,1
0.005263157894736842,0.16842105263157894,0.04736842105263158,0.015789473684210527,0.0,0.0,0.06842105263157895,0.2,0.05263157894736842,0.010526315789473684,0.05789473684210526,0.03684210526315789,0.07368421052631578,0.07368421052631578,0.02631578947368421,0.1631578947368421,1
0.04,0.1288888888888889,0.035555555555555556,0.08,0.013333333333333334,0.02666666666666667,0.02666666666666667,0.08,0.10222222222222223,0.05333333333333334,0.04,0.03111111111111111,0.11555555555555555,0.08,0.008888888888888889,0.13777777777777778,1
0.002257336343115124,0.1309255079006772,0.013544018058690745,0.03160270880361174,0.01805869074492099,0.020316027088036117,0.029345372460496615,0.2866817155756208,0.06772009029345373,0.011286681715575621,0.11738148984198646,0.011286681715575621,0.03837471783295711,0.06772009029345373,0.020316027088036117,0.13318284424379231,1
0.01839080459770115,0.04597701149425287,0.020689655172413793,0.04367816091954023,0.03218390804597701,0.04597701149425287,0.05517241379310345,0.28735632183908044,0.059770114942528735,0.022988505747126436,0.1103448275862069,0.03908045977011494,0.05517241379310345,0.07126436781609195,0.020689655172413793,0.07126436781609195,1
0.00819672131147541,0.13934426229508196,0.03278688524590164,0.05737704918032787,0.03278688524590164,0.03278688524590164,0.09836065573770492,0.14754098360655737,0.00819672131147541,0.03278688524590164,0.11475409836065574,0.01639344262295082,0.06557377049180328,0.03278688524590164,0.040983606557377046,0.13934426229508196,1
0.024193548387096774,0.1532258064516129,0.008064516129032258,0.04838709677419355,0.008064516129032258,0.016129032258064516,0.0,0.24193548387096775,0.056451612903225805,0.024193548387096774,0.14516129032258066,0.024193548387096774,0.0967741935483871,0.03225806451612903,0.008064516129032258,0.11290322580645161,1
0.022598870056497175,0.05084745762711865,0.05084745762711865,0.062146892655367235,0.07344632768361582,0.03954802259887006,0.096045197740113,0.20903954802259886,0.062146892655367235,0.05084745762711865,0.022598870056497175,0.05084745762711865,0.062146892655367235,0.096045197740113,0.01694915254237288,0.03389830508474576,1
0.03058103975535168,0.0581039755351682,0.07033639143730887,0.07951070336391437,0.045871559633027525,0.027522935779816515,0.039755351681957186,0.1620795107033639,0.07339449541284404,0.05198776758409786,0.0672782874617737,0.01834862385321101,0.08868501529051988,0.10397553516819572,0.045871559633027525,0.03669724770642202,1
0.009174311926605505,0.12385321100917432,0.04128440366972477,0.027522935779816515,0.045871559633027525,0.05504587155963303,0.03211009174311927,0.15137614678899083,0.027522935779816515,0.03211009174311927,0.0871559633027523,0.04128440366972477,0.045871559633027525,0.09174311926605505,0.03669724770642202,0.15137614678899083,1
0.032520325203252036,0.008130081300813009,0.024390243902439025,0.08130081300813008,0.0,0.0,0.08943089430894309,0.37398373983739835,0.15447154471544716,0.008130081300813009,0.008130081300813009,0.016260162601626018,0.13821138211382114,0.056910569105691054,0.0,0.008130081300813009,1
0.006493506493506494,0.08441558441558442,0.016233766233766232,0.025974025974025976,0.016233766233766232,0.01948051948051948,0.012987012987012988,0.3181818181818182,0.05194805194805195,0.04220779220779221,0.09415584415584416,0.012987012987012988,0.03896103896103896,0.14935064935064934,0.01948051948051948,0.09090909090909091,1
0.003787878787878788,0.09090909090909091,0.03409090909090909,0.06439393939393939,0.0,0.003787878787878788,0.06060606060606061,0.17045454545454544,0.11363636363636363,0.03787878787878788,0.05303030303030303,0.03787878787878788,0.10227272727272728,0.09090909090909091,0.011363636363636364,0.125,1
0.041666666666666664,0.07107843137254902,0.049019607843137254,0.04411764705882353,0.041666666666666664,0.041666666666666664,0.06372549019607843,0.14460784313725492,0.07107843137254902,0.03676470588235294,0.09068627450980392,0.041666666666666664,0.07598039215686274,0.058823529411764705,0.02696078431372549,0.10049019607843138,1
0.025,0.12,0.01,0.035,0.01,0.015,0.035,0.175,0.095,0.04,0.05,0.04,0.075,0.1,0.01,0.165,1
0.06172839506172839,0.20987654320987653,0.037037037037037035,0.012345679012345678,0.0,0.0,0.024691358024691357,0.13580246913580246,0.04938271604938271,0.037037037037037035,0.07407407407407407,0.037037037037037035,0.06172839506172839,0.037037037037037035,0.012345679012345678,0.20987654320987653,1
0.02824858757062147,0.08757062146892655,0.062146892655367235,0.06779661016949153,0.011299435028248588,0.02824858757062147,0.11016949152542373,0.1327683615819209,0.059322033898305086,0.03954802259887006,0.05649717514124294,0.05649717514124294,0.062146892655367235,0.06779661016949153,0.01977401129943503,0.11016949152542373,1
0.012626262626262626,0.06313131313131314,0.027777777777777776,0.04040404040404041,0.027777777777777776,0.025252525252525252,0.017676767676767676,0.32323232323232326,0.05303030303030303,0.03282828282828283,0.12121212121212122,0.022727272727272728,0.050505050505050504,0.08585858585858586,0.025252525252525252,0.0707070707070707,1
0.01545253863134658,0.10375275938189846,0.026490066225165563,0.05518763796909492,0.017660044150110375,0.033112582781456956,0.033112582781456956,0.20088300220750552,0.0728476821192053,0.03090507726269316,0.09713024282560706,0.02207505518763797,0.06181015452538632,0.11920529801324503,0.02207505518763797,0.08830022075055188,1
0.036101083032490974,0.03429602888086643,0.048736462093862815,0.061371841155234655,0.04332129963898917,0.05415162454873646,0.20577617328519857,0.06498194945848375,0.052346570397111915,0.03429602888086643,0.09205776173285199,0.03790613718411552,0.07581227436823104,0.08844765342960288,0.036101083032490974,0.03429602888086643,1
0.019704433497536946,0.13793103448275862,0.03940886699507389,0.024630541871921183,0.054187192118226604,0.04926108374384237,0.024630541871921183,0.11822660098522167,0.054187192118226604,0.059113300492610835,0.12807881773399016,0.029556650246305417,0.059113300492610835,0.04926108374384237,0.019704433497536946,0.1330049261083744,1
0.024793388429752067,0.05509641873278237,0.04132231404958678,0.03305785123966942,0.01652892561983471,0.03581267217630854,0.046831955922865015,0.24242424242424243,0.06060606060606061,0.0440771349862259,0.07988980716253444,0.04132231404958678,0.06060606060606061,0.14049586776859505,0.01652892561983471,0.06060606060606061,1
0.023178807947019868,0.10927152317880795,0.009933774834437087,0.04304635761589404,0.019867549668874173,0.019867549668874173,0.029801324503311258,0.2052980132450331,0.056291390728476824,0.052980132450331126,0.12582781456953643,0.019867549668874173,0.06291390728476821,0.11258278145695365,0.016556291390728478,0.09271523178807947,1
0.03571428571428571,0.05,0.025,0.04642857142857143,0.03571428571428571,0.06785714285714285,0.07142857142857142,0.22857142857142856,0.06785714285714285,0.05,0.039285714285714285,0.025,0.07142857142857142,0.08928571428571429,0.04285714285714286,0.05357142857142857,1
0.017241379310344827,0.16666666666666666,0.022988505747126436,0.04597701149425287,0.017241379310344827,0.0,0.07471264367816093,0.08620689655172414,0.07471264367816093,0.005747126436781609,0.10344827586206896,0.011494252873563218,0.05747126436781609,0.05172413793103448,0.017241379310344827,0.2471264367816092,1
0.028017241379310345,0.08620689655172414,0.0668103448275862,0.07974137931034483,0.015086206896551725,0.010775862068965518,0.07974137931034483,0.18318965517241378,0.036637931034482756,0.04741379310344827,0.06896551724137931,0.023706896551724137,0.06465517241379311,0.11853448275862069,0.010775862068965518,0.07974137931034483,1
0.02880658436213992,0.08641975308641975,0.053497942386831275,0.04938271604938271,0.04938271604938271,0.04526748971193416,0.01646090534979424,0.1522633744855967,0.07407407407407407,0.03292181069958848,0.0823045267489712,0.04526748971193416,0.0823045267489712,0.06584362139917696,0.04526748971193416,0.09053497942386832,1
0.010638297872340425,0.09929078014184398,0.031914893617021274,0.028368794326241134,0.014184397163120567,0.02127659574468085,0.028368794326241134,0.35106382978723405,0.05319148936170213,0.02127659574468085,0.08156028368794327,0.02127659574468085,0.06028368794326241,0.0673758865248227,0.01773049645390071,0.09219858156028368,1
0.014925373134328358,0.08706467661691543,0.017412935323383085,0.03731343283582089,0.0472636815920398,0.06218905472636816,0.06965174129353234,0.14427860696517414,0.06716417910447761,0.04477611940298507,0.06965174129353234,0.029850746268656716,0.06965174129353234,0.1044776119402985,0.03980099502487562,0.0945273631840796,1
0.027972027972027972,0.02097902097902098,0.027972027972027972,0.055944055944055944,0.0,0.02097902097902098,0.14685314685314685,0.2867132867132867,0.11188811188811189,0.04195804195804196,0.0,0.055944055944055944,0.11188811188811189,0.06293706293706294,0.006993006993006993,0.02097902097902098,1
0.02997275204359673,0.11444141689373297,0.0326975476839237,0.0326975476839237,0.035422343324250684,0.05449591280653951,0.027247956403269755,0.1880108991825613,0.04087193460490463,0.01907356948228883,0.10626702997275204,0.035422343324250684,0.04632152588555858,0.07901907356948229,0.03814713896457766,0.11989100817438691,1
0.044897959183673466,0.02857142857142857,0.04693877551020408,0.07142857142857142,0.02857142857142857,0.09591836734693877,0.11428571428571428,0.14081632653061224,0.04285714285714286,0.036734693877551024,0.061224489795918366,0.05918367346938776,0.061224489795918366,0.08571428571428572,0.036734693877551024,0.044897959183673466,1
0.0,0.023622047244094488,0.06299212598425197,0.023622047244094488,0.031496062992125984,0.047244094488188976,0.047244094488188976,0.25196850393700787,0.07086614173228346,0.015748031496062992,0.06299212598425197,0.03937007874015748,0.07874015748031496,0.14960629921259844,0.047244094488188976,0.047244094488188976,1
0.01293103448275862,0.1206896551724138,0.01293103448275862,0.02586206896551724,0.008620689655172414,0.04310344827586207,0.04741379310344827,0.2413793103448276,0.05172413793103448,0.017241379310344827,0.1336206896551724,0.01293103448275862,0.04741379310344827,0.07758620689655173,0.017241379310344827,0.12931034482758622,1
0.0,0.064,0.024,0.04,0.0,0.016,0.072,0.256,0.136,0.04,0.056,0.024,0.088,0.072,0.008,0.104,1
0.05653710247349823,0.0989399293286219,0.0353356890459364,0.053003533568904596,0.0176678445229682,0.024734982332155476,0.0812720848056537,0.08480565371024736,0.0636042402826855,0.0353356890459364,0.08833922261484099,0.02120141342756184,0.0989399293286219,0.06007067137809187,0.028268551236749116,0.1519434628975265,1
0.011527377521613832,0.13256484149855907,0.020172910662824207,0.043227665706051875,0.01729106628242075,0.020172910662824207,0.03170028818443804,0.25360230547550433,0.043227665706051875,0.01729106628242075,0.13256484149855907,0.03170028818443804,0.05475504322766571,0.1037463976945245,0.008645533141210375,0.07780979827089338,1
0.0707070707070707,0.06060606060606061,0.05555555555555555,0.07575757575757576,0.025252525252525252,0.05555555555555555,0.050505050505050504,0.12626262626262627,0.07575757575757576,0.015151515151515152,0.06060606060606061,0.030303030303030304,0.09090909090909091,0.08585858585858586,0.04040404040404041,0.08080808080808081,1
0.04225352112676056,0.04929577464788732,0.03169014084507042,0.08450704225352113,0.03873239436619718,0.08098591549295775,0.03169014084507042,0.10915492957746478,0.08450704225352113,0.04225352112676056,0.11619718309859155,0.028169014084507043,0.08098591549295775,0.10915492957746478,0.03873239436619718,0.03169014084507042,1
0.05078125,0.08203125,0.04296875,0.06640625,0.015625,0.0234375,0.0390625,0.21484375,0.0859375,0.03125,0.05078125,0.0234375,0.06640625,0.0703125,0.015625,0.12109375,1
0.0528169014084507,0.04225352112676056,0.045774647887323945,0.0528169014084507,0.056338028169014086,0.03169014084507042,0.0528169014084507,0.1795774647887324,0.09859154929577464,0.035211267605633804,0.06338028169014084,0.03169014084507042,0.0880281690140845,0.09507042253521127,0.028169014084507043,0.045774647887323945,1
0.01775147928994083,0.05621301775147929,0.03254437869822485,0.04437869822485207,0.020710059171597635,0.029585798816568046,0.038461538461538464,0.1893491124260355,0.05917159763313609,0.04437869822485207,0.13609467455621302,0.03550295857988166,0.07396449704142012,0.13609467455621302,0.03254437869822485,0.05325443786982249,1
0.025806451612903226,0.0967741935483871,0.025806451612903226,0.03870967741935484,0.03870967741935484,0.04516129032258064,0.04516129032258064,0.23225806451612904,0.04516129032258064,0.04516129032258064,0.0967741935483871,0.04516129032258064,0.06451612903225806,0.05161290322580645,0.012903225806451613,0.09032258064516129,1
0.020491803278688523,0.11885245901639344,0.012295081967213115,0.04918032786885246,0.040983606557377046,0.036885245901639344,0.07377049180327869,0.13524590163934427,0.06147540983606557,0.045081967213114756,0.10655737704918032,0.040983606557377046,0.06967213114754098,0.08196721311475409,0.00819672131147541,0.09836065573770492,1
0.006134969325153374,0.03067484662576687,0.03374233128834356,0.06441717791411043,0.07975460122699386,0.046012269938650305,0.2116564417177914,0.09815950920245399,0.06441717791411043,0.046012269938650305,0.024539877300613498,0.049079754601226995,0.08895705521472393,0.049079754601226995,0.08282208588957055,0.024539877300613498,1
0.013937282229965157,0.09059233449477352,0.017421602787456445,0.05226480836236934,0.006968641114982578,0.020905923344947737,0.03484320557491289,0.30662020905923343,0.07665505226480836,0.024390243902439025,0.0627177700348432,0.020905923344947737,0.08013937282229965,0.0627177700348432,0.024390243902439025,0.10452961672473868,1
0.04100946372239748,0.08832807570977919,0.04100946372239748,0.022082018927444796,0.025236593059936908,0.03785488958990536,0.03470031545741325,0.27129337539432175,0.05362776025236593,0.04416403785488959,0.0473186119873817,0.03470031545741325,0.056782334384858045,0.07255520504731862,0.015772870662460567,0.11356466876971609,1
0.02575107296137339,0.09012875536480687,0.03862660944206009,0.04291845493562232,0.02575107296137339,0.04291845493562232,0.034334763948497854,0.21030042918454936,0.0815450643776824,0.04291845493562232,0.04291845493562232,0.030042918454935622,0.0944206008583691,0.06437768240343347,0.012875536480686695,0.12017167381974249,1
0.02416918429003021,0.09063444108761329,0.030211480362537766,0.0634441087613293,0.02416918429003021,0.0634441087613293,0.09063444108761329,0.1419939577039275,0.054380664652567974,0.03927492447129909,0.08157099697885196,0.027190332326283987,0.05740181268882175,0.0634441087613293,0.03323262839879154,0.1148036253776435,1
0.009569377990430622,0.05502392344497608,0.0215311004784689,0.04066985645933014,0.011961722488038277,0.019138755980861243,0.09330143540669857,0.3181818181818182,0.050239234449760764,0.028708133971291867,0.09090909090909091,0.023923444976076555,0.05502392344497608,0.07416267942583732,0.014354066985645933,0.09330143540669857,1
0.026119402985074626,0.055970149253731345,0.04477611940298507,0.06716417910447761,0.011194029850746268,0.018656716417910446,0.1417910447761194,0.13059701492537312,0.06716417910447761,0.033582089552238806,0.04477611940298507,0.05970149253731343,0.08955223880597014,0.11567164179104478,0.014925373134328358,0.07835820895522388,1
0.004132231404958678,0.01652892561983471,0.028925619834710745,0.024793388429752067,0.028925619834710745,0.02066115702479339,0.13636363636363635,0.23140495867768596,0.06611570247933884,0.04132231404958678,0.06611570247933884,0.0371900826446281,0.06198347107438017,0.19008264462809918,0.028925619834710745,0.01652892561983471,1
0.0,0.0728476821192053,0.052980132450331126,0.052980132450331126,0.019867549668874173,0.039735099337748346,0.026490066225165563,0.1986754966887417,0.0728476821192053,0.046357615894039736,0.10596026490066225,0.026490066225165563,0.0728476821192053,0.09271523178807947,0.026490066225165563,0.09271523178807947,1
0.021164021164021163,0.05291005291005291,0.05291005291005291,0.07936507936507936,0.005291005291005291,0.031746031746031744,0.1164021164021164,0.17989417989417988,0.07407407407407407,0.037037037037037035,0.047619047619047616,0.026455026455026454,0.1164021164021164,0.12169312169312169,0.0,0.037037037037037035,1
0.030534351145038167,0.08396946564885496,0.04580152671755725,0.04961832061068702,0.030534351145038167,0.03435114503816794,0.13358778625954199,0.17557251908396945,0.05725190839694656,0.015267175572519083,0.019083969465648856,0.03816793893129771,0.0648854961832061,0.08015267175572519,0.03435114503816794,0.10687022900763359,1
0.07772020725388601,0.06217616580310881,0.023316062176165803,0.09585492227979274,0.038860103626943004,0.06994818652849741,0.06476683937823834,0.12435233160621761,0.05699481865284974,0.025906735751295335,0.06994818652849741,0.03367875647668394,0.13989637305699482,0.03367875647668394,0.038860103626943004,0.04404145077720207,1
0.01639344262295082,0.09180327868852459,0.01639344262295082,0.022950819672131147,0.029508196721311476,0.019672131147540985,0.05245901639344262,0.2459016393442623,0.08852459016393442,0.036065573770491806,0.07213114754098361,0.019672131147540985,0.09180327868852459,0.08524590163934426,0.022950819672131147,0.08852459016393442,1
0.043478260869565216,0.11739130434782609,0.02608695652173913,0.043478260869565216,0.030434782608695653,0.04782608695652174,0.0391304347826087,0.10869565217391304,0.09565217391304348,0.030434782608695653,0.11304347826086956,0.013043478260869565,0.05652173913043478,0.06521739130434782,0.0391304347826087,0.13043478260869565,1
0.03404255319148936,0.11063829787234042,0.0425531914893617,0.03404255319148936,0.01702127659574468,0.02553191489361702,0.04680851063829787,0.12340425531914893,0.12340425531914893,0.02553191489361702,0.07659574468085106,0.02127659574468085,0.10638297872340426,0.07659574468085106,0.00851063829787234,0.1276595744680851,1
0.03368421052631579,0.08842105263157894,0.04842105263157895,0.056842105263157895,0.02526315789473684,0.02736842105263158,0.13263157894736843,0.10105263157894737,0.042105263157894736,0.042105263157894736,0.09263157894736843,0.04421052631578947,0.05263157894736842,0.10947368421052632,0.016842105263157894,0.0863157894736842,1
0.029069767441860465,0.0755813953488372,0.029069767441860465,0.03488372093023256,0.029069767441860465,0.005813953488372093,0.06395348837209303,0.2441860465116279,0.0755813953488372,0.03488372093023256,0.06395348837209303,0.040697674418604654,0.0755813953488372,0.12209302325581395,0.011627906976744186,0.06395348837209303,1
0.03773584905660377,0.06132075471698113,0.03773584905660377,0.03773584905660377,0.018867924528301886,0.02358490566037736,0.02830188679245283,0.2358490566037736,0.0660377358490566,0.02830188679245283,0.16037735849056603,0.014150943396226415,0.07547169811320754,0.07547169811320754,0.018867924528301886,0.08018867924528301,1
0.025157232704402517,0.05660377358490566,0.02830188679245283,0.04716981132075472,0.012578616352201259,0.02830188679245283,0.07861635220125786,0.32075471698113206,0.05660377358490566,0.02830188679245283,0.03773584905660377,0.0660377358490566,0.06918238993710692,0.07232704402515723,0.0220125786163522,0.050314465408805034,1
0.017241379310344827,0.05603448275862069,0.03017241379310345,0.06465517241379311,0.017241379310344827,0.017241379310344827,0.09482758620689655,0.2543103448275862,0.05172413793103448,0.02586206896551724,0.10775862068965517,0.008620689655172414,0.0603448275862069,0.10775862068965517,0.03879310344827586,0.04741379310344827,1
0.006825938566552901,0.11262798634812286,0.013651877133105802,0.034129692832764506,0.006825938566552901,0.017064846416382253,0.010238907849829351,0.42662116040955633,0.040955631399317405,0.010238907849829351,0.023890784982935155,0.030716723549488054,0.05460750853242321,0.09556313993174062,0.006825938566552901,0.10921501706484642,1
0.003389830508474576,0.13220338983050847,0.020338983050847456,0.01694915254237288,0.020338983050847456,0.010169491525423728,0.023728813559322035,0.31186440677966104,0.06440677966101695,0.01694915254237288,0.05084745762711865,0.02711864406779661,0.0576271186440678,0.06779661016949153,0.013559322033898305,0.16271186440677965,1
0.028368794326241134,0.05673758865248227,0.03900709219858156,0.05319148936170213,0.01773049645390071,0.010638297872340425,0.0673758865248227,0.2730496453900709,0.0673758865248227,0.03546099290780142,0.09219858156028368,0.031914893617021274,0.07446808510638298,0.07446808510638298,0.024822695035460994,0.05319148936170213,1
0.041666666666666664,0.036458333333333336,0.041666666666666664,0.06770833333333333,0.026041666666666668,0.005208333333333333,0.109375,0.328125,0.078125,0.010416666666666666,0.026041666666666668,0.010416666666666666,0.09375,0.07291666666666667,0.020833333333333332,0.03125,1
0.03870967741935484,0.10967741935483871,0.025806451612903226,0.03225806451612903,0.0064516129032258064,0.04516129032258064,0.03870967741935484,0.23870967741935484,0.07741935483870968,0.025806451612903226,0.07096774193548387,0.01935483870967742,0.04516129032258064,0.10967741935483871,0.025806451612903226,0.09032258064516129,1
0.005076142131979695,0.08121827411167512,0.015228426395939087,0.030456852791878174,0.02284263959390863,0.017766497461928935,0.10152284263959391,0.19289340101522842,0.07106598984771574,0.02284263959390863,0.18527918781725888,0.01015228426395939,0.07106598984771574,0.06598984771573604,0.025380710659898477,0.08121827411167512,1
0.08270676691729323,0.12781954887218044,0.03759398496240601,0.06015037593984962,0.007518796992481203,0.015037593984962405,0.06766917293233082,0.15037593984962405,0.09022556390977443,0.007518796992481203,0.022556390977443608,0.03007518796992481,0.07518796992481203,0.08270676691729323,0.007518796992481203,0.13533834586466165,1
0.0,0.06569343065693431,0.021897810218978103,0.058394160583941604,0.072992700729927,0.051094890510948905,0.0364963503649635,0.1678832116788321,0.06569343065693431,0.0072992700729927005,0.20437956204379562,0.021897810218978103,0.058394160583941604,0.0364963503649635,0.043795620437956206,0.08759124087591241,1
0.022321428571428572,0.11607142857142858,0.004464285714285714,0.05357142857142857,0.013392857142857142,0.04017857142857143,0.03125,0.25892857142857145,0.05803571428571429,0.04017857142857143,0.04017857142857143,0.026785714285714284,0.07589285714285714,0.049107142857142856,0.017857142857142856,0.15178571428571427,1
0.012658227848101266,0.09282700421940929,0.06329113924050633,0.029535864978902954,0.03375527426160337,0.07172995780590717,0.06751054852320675,0.18565400843881857,0.03375527426160337,0.012658227848101266,0.11392405063291139,0.02531645569620253,0.029535864978902954,0.05485232067510549,0.03375527426160337,0.13924050632911392,1
0.010752688172043012,0.11827956989247312,0.021505376344086023,0.021505376344086023,0.0,0.0,0.0,0.27956989247311825,0.07526881720430108,0.021505376344086023,0.07526881720430108,0.043010752688172046,0.053763440860215055,0.0967741935483871,0.0,0.1827956989247312,1
0.0,0.09502262443438914,0.04072398190045249,0.04524886877828054,0.02262443438914027,0.00904977375565611,0.04524886877828054,0.27601809954751133,0.07239819004524888,0.02262443438914027,0.02262443438914027,0.02262443438914027,0.08597285067873303,0.12669683257918551,0.013574660633484163,0.09954751131221719,1
0.023529411764705882,0.07647058823529412,0.03529411764705882,0.09411764705882353,0.014705882352941176,0.08529411764705883,0.07941176470588235,0.09411764705882353,0.052941176470588235,0.061764705882352944,0.06470588235294118,0.04411764705882353,0.06764705882352941,0.08823529411764706,0.01764705882352941,0.1,1
0.013793103448275862,0.09310344827586207,0.027586206896551724,0.027586206896551724,0.034482758620689655,0.03793103448275862,0.03793103448275862,0.3310344827586207,0.03793103448275862,0.03793103448275862,0.09310344827586207,0.017241379310344827,0.04827586206896552,0.05517241379310345,0.006896551724137931,0.1,1
0.04713804713804714,0.08417508417508418,0.04713804713804714,0.08754208754208755,0.016835016835016835,0.05387205387205387,0.06060606060606061,0.15151515151515152,0.05723905723905724,0.03367003367003367,0.037037037037037035,0.016835016835016835,0.08754208754208755,0.07407407407407407,0.04713804713804714,0.09764309764309764,1
0.02880658436213992,0.11522633744855967,0.024691358024691357,0.06172839506172839,0.01646090534979424,0.0205761316872428,0.06172839506172839,0.16049382716049382,0.09465020576131687,0.04526748971193416,0.024691358024691357,0.06584362139917696,0.07407407407407407,0.12345679012345678,0.0,0.0823045267489712,1
0.013468013468013467,0.10774410774410774,0.026936026936026935,0.037037037037037035,0.02356902356902357,0.04713804713804714,0.07407407407407407,0.23232323232323232,0.050505050505050504,0.013468013468013467,0.10101010101010101,0.013468013468013467,0.03367003367003367,0.09090909090909091,0.013468013468013467,0.12121212121212122,1
0.03125,0.11079545454545454,0.03409090909090909,0.03409090909090909,0.03409090909090909,0.028409090909090908,0.0625,0.17329545454545456,0.045454545454545456,0.03125,0.10511363636363637,0.03125,0.04261363636363636,0.08806818181818182,0.04261363636363636,0.10511363636363637,1
0.013377926421404682,0.05351170568561873,0.026755852842809364,0.08695652173913043,0.010033444816053512,0.020066889632107024,0.09698996655518395,0.23745819397993312,0.07692307692307693,0.04013377926421405,0.056856187290969896,0.016722408026755852,0.07023411371237458,0.10367892976588629,0.013377926421404682,0.07692307692307693,1
0.009615384615384616,0.09615384615384616,0.009615384615384616,0.028846153846153848,0.019230769230769232,0.0,0.09615384615384616,0.27884615384615385,0.11538461538461539,0.028846153846153848,0.019230769230769232,0.0,0.09615384615384616,0.057692307692307696,0.009615384615384616,0.1346153846153846,1
0.045081967213114756,0.13524590163934427,0.028688524590163935,0.036885245901639344,0.004098360655737705,0.012295081967213115,0.0778688524590164,0.21311475409836064,0.06967213114754098,0.03278688524590164,0.03278688524590164,0.012295081967213115,0.09016393442622951,0.0778688524590164,0.012295081967213115,0.11885245901639344,1
0.019083969465648856,0.11450381679389313,0.015267175572519083,0.030534351145038167,0.030534351145038167,0.007633587786259542,0.03816793893129771,0.2824427480916031,0.05725190839694656,0.015267175572519083,0.08015267175572519,0.019083969465648856,0.04198473282442748,0.0916030534351145,0.022900763358778626,0.13358778625954199,1
0.0,0.1414141414141414,0.005050505050505051,0.030303030303030304,0.010101010101010102,0.020202020202020204,0.025252525252525252,0.3181818181818182,0.04040404040404041,0.0,0.09090909090909091,0.005050505050505051,0.045454545454545456,0.08080808080808081,0.005050505050505051,0.18181818181818182,1
0.007633587786259542,0.05343511450381679,0.030534351145038167,0.03816793893129771,0.03816793893129771,0.022900763358778626,0.03816793893129771,0.17557251908396945,0.0916030534351145,0.061068702290076333,0.08396946564885496,0.04580152671755725,0.11450381679389313,0.0916030534351145,0.030534351145038167,0.07633587786259542,1
0.013953488372093023,0.12558139534883722,0.023255813953488372,0.046511627906976744,0.027906976744186046,0.03255813953488372,0.037209302325581395,0.21395348837209302,0.05116279069767442,0.027906976744186046,0.12093023255813953,0.018604651162790697,0.05581395348837209,0.04186046511627907,0.027906976744186046,0.13488372093023257,1
0.0205761316872428,0.06584362139917696,0.037037037037037035,0.08641975308641975,0.00411522633744856,0.037037037037037035,0.05761316872427984,0.13991769547325103,0.07407407407407407,0.02880658436213992,0.09465020576131687,0.06172839506172839,0.09053497942386832,0.08641975308641975,0.0205761316872428,0.09465020576131687,1
0.0213903743315508,0.0962566844919786,0.026737967914438502,0.016042780748663103,0.016042780748663103,0.0,0.0427807486631016,0.25133689839572193,0.06417112299465241,0.03208556149732621,0.0748663101604278,0.03208556149732621,0.0374331550802139,0.1443850267379679,0.0374331550802139,0.10695187165775401,1
0.0457516339869281,0.058823529411764705,0.0196078431372549,0.06535947712418301,0.026143790849673203,0.0196078431372549,0.032679738562091505,0.2549019607843137,0.08496732026143791,0.0457516339869281,0.0915032679738562,0.032679738562091505,0.08496732026143791,0.08496732026143791,0.026143790849673203,0.026143790849673203,1
0.0,0.14388489208633093,0.02877697841726619,0.02877697841726619,0.014388489208633094,0.0,0.050359712230215826,0.302158273381295,0.02877697841726619,0.02158273381294964,0.02877697841726619,0.050359712230215826,0.050359712230215826,0.02877697841726619,0.014388489208633094,0.20863309352517986,1
0.010810810810810811,0.0918918918918919,0.032432432432432434,0.021621621621621623,0.032432432432432434,0.03783783783783784,0.005405405405405406,0.2972972972972973,0.0918918918918919,0.02702702702702703,0.07027027027027027,0.05405405405405406,0.05945945945945946,0.06486486486486487,0.010810810810810811,0.0918918918918919,1
0.0036363636363636364,0.04727272727272727,0.025454545454545455,0.04363636363636364,0.01090909090909091,0.02909090909090909,0.07636363636363637,0.4254545454545455,0.06545454545454546,0.01818181818181818,0.025454545454545455,0.01818181818181818,0.05454545454545454,0.07272727272727272,0.03272727272727273,0.05090909090909091,1
0.02734375,0.0859375,0.01171875,0.03515625,0.02734375,0.015625,0.01171875,0.29296875,0.05859375,0.02734375,0.08203125,0.04296875,0.0625,0.07421875,0.03515625,0.109375,1
0.004594180704441042,0.03828483920367534,0.006125574272588055,0.02450229709035222,0.06738131699846861,0.25114854517611024,0.05053598774885146,0.1225114854517611,0.02909647779479326,0.007656967840735069,0.17457886676875958,0.009188361408882083,0.026033690658499236,0.08269525267993874,0.07044410413476264,0.03522205206738132,1
0.037383177570093455,0.053738317757009345,0.04439252336448598,0.05841121495327103,0.011682242990654205,0.02336448598130841,0.2336448598130841,0.1588785046728972,0.04205607476635514,0.037383177570093455,0.06542056074766354,0.030373831775700934,0.04439252336448598,0.07476635514018691,0.014018691588785047,0.07009345794392523,1
0.03350515463917526,0.05412371134020619,0.023195876288659795,0.059278350515463915,0.02577319587628866,0.03608247422680412,0.07731958762886598,0.17268041237113402,0.07216494845360824,0.028350515463917526,0.07989690721649484,0.03350515463917526,0.10309278350515463,0.1056701030927835,0.015463917525773196,0.07989690721649484,1
0.029411764705882353,0.08235294117647059,0.01764705882352941,0.023529411764705882,0.023529411764705882,0.0058823529411764705,0.023529411764705882,0.3588235294117647,0.023529411764705882,0.03529411764705882,0.058823529411764705,0.023529411764705882,0.03529411764705882,0.13529411764705881,0.029411764705882353,0.09411764705882353,1
0.014634146341463415,0.13170731707317074,0.024390243902439025,0.004878048780487805,0.04878048780487805,0.03414634146341464,0.02926829268292683,0.08292682926829269,0.06829268292682927,0.014634146341463415,0.1902439024390244,0.02926829268292683,0.04390243902439024,0.08292682926829269,0.04390243902439024,0.15609756097560976,1
0.013986013986013986,0.055944055944055944,0.04195804195804196,0.04195804195804196,0.04895104895104895,0.027972027972027972,0.03496503496503497,0.20279720279720279,0.06993006993006994,0.027972027972027972,0.09090909090909091,0.013986013986013986,0.06993006993006994,0.0979020979020979,0.055944055944055944,0.1048951048951049,1
0.034482758620689655,0.09310344827586207,0.04827586206896552,0.05172413793103448,0.02413793103448276,0.04482758620689655,0.07931034482758621,0.08620689655172414,0.07931034482758621,0.05172413793103448,0.10689655172413794,0.041379310344827586,0.05517241379310345,0.08275862068965517,0.041379310344827586,0.07931034482758621,1
0.0,0.12184873949579832,0.01680672268907563,0.029411764705882353,0.004201680672268907,0.029411764705882353,0.004201680672268907,0.2815126050420168,0.04201680672268908,0.029411764705882353,0.1134453781512605,0.058823529411764705,0.06302521008403361,0.06722689075630252,0.004201680672268907,0.13445378151260504,1
0.026615969581749048,0.09885931558935361,0.03802281368821293,0.015209125475285171,0.026615969581749048,0.034220532319391636,0.04182509505703422,0.17110266159695817,0.11026615969581749,0.034220532319391636,0.155893536121673,0.03802281368821293,0.07604562737642585,0.04182509505703422,0.019011406844106463,0.07224334600760456,1
0.028526148969889066,0.07765451664025357,0.04595879556259905,0.060221870047543584,0.04595879556259905,0.0554675118858954,0.12361331220285261,0.06656101426307448,0.07131537242472266,0.02377179080824089,0.07448494453248812,0.03486529318541997,0.08082408874801902,0.07765451664025357,0.04595879556259905,0.08716323296354993,1
0.04421768707482993,0.10204081632653061,0.027210884353741496,0.06802721088435375,0.030612244897959183,0.034013605442176874,0.034013605442176874,0.20748299319727892,0.04421768707482993,0.030612244897959183,0.09183673469387756,0.013605442176870748,0.06462585034013606,0.11224489795918367,0.013605442176870748,0.08163265306122448,1
0.03345724907063197,0.08921933085501858,0.048327137546468404,0.048327137546468404,0.022304832713754646,0.03345724907063197,0.06691449814126393,0.31226765799256506,0.04460966542750929,0.03345724907063197,0.07434944237918216,0.01486988847583643,0.05204460966542751,0.02973977695167286,0.011152416356877323,0.08550185873605948,1
0.029411764705882353,0.07941176470588235,0.026470588235294117,0.026470588235294117,0.061764705882352944,0.07941176470588235,0.05,0.15294117647058825,0.05588235294117647,0.023529411764705882,0.11470588235294117,0.023529411764705882,0.06470588235294118,0.08235294117647059,0.05588235294117647,0.07352941176470588,1
0.031914893617021274,0.06914893617021277,0.030141843971631204,0.07092198581560284,0.03546099290780142,0.03900709219858156,0.13120567375886524,0.08687943262411348,0.06914893617021277,0.03723404255319149,0.08156028368794327,0.030141843971631204,0.06028368794326241,0.12411347517730496,0.028368794326241134,0.07446808510638298,1
0.035864978902953586,0.07172995780590717,0.05485232067510549,0.07172995780590717,0.016877637130801686,0.010548523206751054,0.16877637130801687,0.1350210970464135,0.05063291139240506,0.0379746835443038,0.07383966244725738,0.04219409282700422,0.0759493670886076,0.05907172995780591,0.029535864978902954,0.06540084388185655,1
0.023255813953488372,0.11627906976744186,0.03875968992248062,0.03875968992248062,0.015503875968992248,0.0,0.06201550387596899,0.26356589147286824,0.06976744186046512,0.015503875968992248,0.03875968992248062,0.046511627906976744,0.06976744186046512,0.07751937984496124,0.015503875968992248,0.10852713178294573,1
0.012048192771084338,0.08835341365461848,0.03413654618473896,0.028112449799196786,0.04618473895582329,0.07630522088353414,0.03614457831325301,0.10040160642570281,0.08634538152610442,0.03413654618473896,0.10843373493975904,0.03413654618473896,0.09437751004016064,0.09036144578313253,0.05220883534136546,0.0783132530120482,1
